F1I9D7H8A6E1I6F8B4F2I1I7I1D6B3D2I9E3H9 file (10 000 items):

- shellsort: 0:00:00.294999
- mergesort: 0:00:00.178000

D5A3G9F1G2A7A8E2E8G2E4B2J2J1E7F6F1B7F7 file (100 000 items):

- shellsort: 0:00:03.977002
- mergesort: 0:00:02.095000
- sortPython: 0:00:01.684001